 
Template prop lrp01.dat M0.3                    

   2       ! Nblades

   0.3800  6.2832    ! CL0    CL_a 
  -0.4000  1.2900    ! CLmin  CLmax

   0.01140  0.03400  0.02400  0.5226    ! CD0    CD2u  CD2l  CLCD0
   100000.0  -0.500            ! REref  REexp

   1.0000  1.0000  1.0000   !  Rfac   Cfac   Bfac
   0.0000  0.0000  0.0000   !  Radd   Cadd   Badd
 
#        r            c        beta
   0.22942      0.10565      69.2534
   0.28825      0.12973      64.2087
   0.34708      0.15066      59.5689
   0.40592      0.16824      55.3301
   0.46475      0.18265      51.4732
   0.52358      0.19416      47.9744
   0.58242      0.20314      44.8047
   0.64125      0.20996      41.9331
   0.70008      0.21501      39.3290
   0.75892      0.21862      36.9637
   0.81775      0.22103      34.8109
   0.87658      0.22244      32.8472
   0.93542      0.22298      31.0519
   0.99425      0.22271      29.4069
    1.0531      0.22169      27.8963
    1.1119      0.21997      26.5054
    1.1707      0.21756      25.2217
    1.2296      0.21446      24.0339
    1.2884      0.21063      22.9324
    1.3473      0.20602      21.9086
    1.4061      0.20054      20.9552
    1.4649      0.19407      20.0657
    1.5238      0.18645      19.2341
    1.5826      0.17748      18.4556
    1.6414      0.16686      17.7255
    1.7003      0.15419      17.0399
    1.7591      0.13884      16.3952
    1.8179      0.11973      15.7883
    1.8768      0.94554E-01  15.2163
    1.9356      0.55606E-01  14.6767
    1.9650      0.30967E-01  14.4190
