 
Template prop lrp01.dat M0.3                    

   2       ! Nblades

   0.3800  6.2832    ! CL0    CL_a 
  -0.4000  1.2900    ! CLmin  CLmax

   0.01140  0.03400  0.02400  0.5226    ! CD0    CD2u  CD2l  CLCD0
   100000.0  -0.500            ! REref  REexp

   1.0000  1.0000  1.0000   !  Rfac   Cfac   Bfac
   0.0000  0.0000  0.0000   !  Radd   Cadd   Badd
 
#        r            c        beta
   0.17068      0.81023E-01  69.1587
   0.21205      0.98509E-01  64.3668
   0.25342      0.11386      59.9381
   0.29478      0.12696      55.8692
   0.33615      0.13790      52.1458
   0.37752      0.14683      48.7491
   0.41888      0.15395      45.6551
   0.46025      0.15952      42.8376
   0.50162      0.16377      40.2706
   0.54298      0.16692      37.9288
   0.58435      0.16915      35.7891
   0.62572      0.17057      33.8304
   0.66708      0.17129      32.0341
   0.70845      0.17135      30.3834
   0.74982      0.17080      28.8636
   0.79118      0.16966      27.4610
   0.83255      0.16795      26.1636
   0.87392      0.16568      24.9609
   0.91528      0.16282      23.8436
   0.95665      0.15932      22.8035
   0.99802      0.15513      21.8335
    1.0394      0.15015      20.9272
    1.0808      0.14426      20.0790
    1.1221      0.13731      19.2840
    1.1635      0.12908      18.5377
    1.2049      0.11926      17.8362
    1.2462      0.10736      17.1760
    1.2876      0.92550E-01  16.5539
    1.3290      0.73064E-01  15.9671
    1.3703      0.42951E-01  15.4132
    1.3910      0.23911E-01  15.1485
