 
Template prop lrp01.dat M0.3                    

   2       ! Nblades

   0.3800  6.2832    ! CL0    CL_a 
  -0.4000  1.2900    ! CLmin  CLmax

   0.01140  0.03400  0.02400  0.5226    ! CD0    CD2u  CD2l  CLCD0
   100000.0  -0.500            ! REref  REexp

   1.0000  1.0000  1.0000   !  Rfac   Cfac   Bfac
   0.0000  0.0000  0.0000   !  Radd   Cadd   Badd
 
#        r            c        beta
   0.17167      0.83486E-01  76.4261
   0.21500      0.10590      72.5502
   0.25833      0.12789      68.8472
   0.30167      0.14870      65.3387
   0.34500      0.16758      62.0369
   0.38833      0.18404      58.9429
   0.43167      0.19780      56.0523
   0.47500      0.20874      53.3577
   0.51833      0.21695      50.8490
   0.56167      0.22261      48.5145
   0.60500      0.22599      46.3418
   0.64833      0.22742      44.3176
   0.69167      0.22723      42.4287
   0.73500      0.22579      40.6623
   0.77833      0.22336      39.0066
   0.82167      0.22008      37.4526
   0.86500      0.21605      35.9918
   0.90833      0.21134      34.6165
   0.95167      0.20600      33.3195
   0.99500      0.20003      32.0943
    1.0383      0.19342      30.9348
    1.0817      0.18611      29.8354
    1.1250      0.17800      28.7912
    1.1683      0.16893      27.7976
    1.2117      0.15863      26.8503
    1.2550      0.14673      25.9456
    1.2983      0.13258      25.0800
    1.3417      0.11505      24.2503
    1.3850      0.91735E-01  23.4537
    1.4283      0.54668E-01  22.6876
    1.4500      0.30980E-01  22.3159
