 
Template prop lrp01.dat M0.3                    

   2       ! Nblades

   0.3800  6.2832    ! CL0    CL_a 
  -0.4000  1.2900    ! CLmin  CLmax

   0.01140  0.03400  0.02400  0.5226    ! CD0    CD2u  CD2l  CLCD0
   100000.0  -0.500            ! REref  REexp

   1.0000  1.0000  1.0000   !  Rfac   Cfac   Bfac
   0.0000  0.0000  0.0000   !  Radd   Cadd   Badd
 
#        r            c        beta
   0.16647      0.74892E-01  62.5858
   0.19940      0.85264E-01  57.8508
   0.23233      0.93445E-01  53.5731
   0.26527      0.99661E-01  49.7210
   0.29820      0.10418      46.2585
   0.33113      0.10730      43.1468
   0.36407      0.10928      40.3471
   0.39700      0.11038      37.8231
   0.42993      0.11079      35.5419
   0.46287      0.11066      33.4741
   0.49580      0.11009      31.5942
   0.52873      0.10918      29.8803
   0.56167      0.10796      28.3131
   0.59460      0.10646      26.8765
   0.62753      0.10470      25.5557
   0.66047      0.10272      24.3381
   0.69340      0.10049      23.2124
   0.72633      0.98031E-01  22.1690
   0.75927      0.95314E-01  21.1997
   0.79220      0.92316E-01  20.2971
   0.82513      0.89002E-01  19.4549
   0.85807      0.85327E-01  18.6674
   0.89100      0.81229E-01  17.9298
   0.92393      0.76627E-01  17.2378
   0.95687      0.71413E-01  16.5875
   0.98980      0.65427E-01  15.9754
    1.0227      0.58423E-01  15.3987
    1.0557      0.49977E-01  14.8545
    1.0886      0.39163E-01  14.3405
    1.1215      0.22862E-01  13.8545
    1.1380      0.12653E-01  13.6219
