 
Template prop lrp01.dat M0.3                    

   2       ! Nblades

   0.3800  6.2832    ! CL0    CL_a 
  -0.4000  1.2900    ! CLmin  CLmax

   0.01140  0.03400  0.02400  0.5226    ! CD0    CD2u  CD2l  CLCD0
   100000.0  -0.500            ! REref  REexp

   1.0000  1.0000  1.0000   !  Rfac   Cfac   Bfac
   0.0000  0.0000  0.0000   !  Radd   Cadd   Badd
 
#        r            c        beta
   0.16647      0.11186      66.6069
   0.19940      0.12957      62.2581
   0.23233      0.14466      58.2408
   0.26527      0.15720      54.5450
   0.29820      0.16733      51.1561
   0.33113      0.17527      48.0550
   0.36407      0.18128      45.2194
   0.39700      0.18565      42.6262
   0.42993      0.18862      40.2527
   0.46287      0.19042      38.0776
   0.49580      0.19122      36.0812
   0.52873      0.19114      34.2458
   0.56167      0.19030      32.5554
   0.59460      0.18874      30.9959
   0.62753      0.18653      29.5543
   0.66047      0.18372      28.2188
   0.69340      0.18033      26.9789
   0.72633      0.17636      25.8256
   0.75927      0.17181      24.7506
   0.79220      0.16665      23.7469
   0.82513      0.16083      22.8079
   0.85807      0.15428      21.9281
   0.89100      0.14691      21.1025
   0.92393      0.13857      20.3266
   0.95687      0.12910      19.5964
   0.98980      0.11821      18.9083
    1.0227      0.10547      18.2591
    1.0557      0.90134E-01  17.6460
    1.0886      0.70552E-01  17.0663
    1.1215      0.41134E-01  16.5178
    1.1380      0.22735E-01  16.2552
