 
Template prop lrp01.dat M0.3                    

   2       ! Nblades

   0.3800  6.2832    ! CL0    CL_a 
  -0.4000  1.2900    ! CLmin  CLmax

   0.01140  0.03400  0.02400  0.5226    ! CD0    CD2u  CD2l  CLCD0
   100000.0  -0.500            ! REref  REexp

   1.0000  1.0000  1.0000   !  Rfac   Cfac   Bfac
   0.0000  0.0000  0.0000   !  Radd   Cadd   Badd
 
#        r            c        beta
   0.16647      0.80966E-01  65.0400
   0.19940      0.93242E-01  60.5287
   0.23233      0.10344      56.3969
   0.26527      0.11167      52.6272
   0.29820      0.11809      49.1977
   0.33113      0.12292      46.0820
   0.36407      0.12642      43.2516
   0.39700      0.12879      40.6782
   0.42993      0.13024      38.3351
   0.46287      0.13094      36.1976
   0.49580      0.13101      34.2436
   0.52873      0.13055      32.4535
   0.56167      0.12962      30.8100
   0.59460      0.12826      29.2979
   0.62753      0.12651      27.9034
   0.66047      0.12440      26.6142
   0.69340      0.12194      25.4196
   0.72633      0.11913      24.3102
   0.75927      0.11596      23.2777
   0.79220      0.11240      22.3148
   0.82513      0.10842      21.4150
   0.85807      0.10397      20.5729
   0.89100      0.98984E-01  19.7832
   0.92393      0.93364E-01  19.0417
   0.95687      0.86984E-01  18.3444
   0.98980      0.79658E-01  17.6877
    1.0227      0.71094E-01  17.0685
    1.0557      0.60775E-01  16.4840
    1.0886      0.47589E-01  15.9317
    1.1215      0.27757E-01  15.4092
    1.1380      0.15349E-01  15.1592
