 
Template prop lrp01.dat M0.3                    

   2       ! Nblades

   0.3800  6.2832    ! CL0    CL_a 
  -0.4000  1.2900    ! CLmin  CLmax

   0.01140  0.03400  0.02400  0.5226    ! CD0    CD2u  CD2l  CLCD0
   100000.0  -0.500            ! REref  REexp

   1.0000  1.0000  1.0000   !  Rfac   Cfac   Bfac
   0.0000  0.0000  0.0000   !  Radd   Cadd   Badd
 
#        r            c        beta
   0.16750      0.16127      72.6928
   0.20250      0.20192      68.6625
   0.23750      0.24105      64.8964
   0.27250      0.27730      61.3844
   0.30750      0.31009      58.1103
   0.34250      0.33931      55.0578
   0.37750      0.36462      52.2177
   0.41250      0.38581      49.5796
   0.44750      0.40287      47.1315
   0.48250      0.41594      44.8601
   0.51750      0.42530      42.7520
   0.55250      0.43127      40.7940
   0.58750      0.43418      38.9736
   0.62250      0.43418      37.2805
   0.65750      0.43142      35.7048
   0.69250      0.42603      34.2372
   0.72750      0.41812      32.8695
   0.76250      0.40780      31.5938
   0.79750      0.39514      30.4031
   0.83250      0.38024      29.2909
   0.86750      0.36314      28.2513
   0.90250      0.34389      27.2789
   0.93750      0.32250      26.3689
   0.97250      0.29892      25.5168
    1.0075      0.27306      24.7185
    1.0425      0.24465      23.9705
    1.0775      0.21318      23.2694
    1.1125      0.17760      22.6120
    1.1475      0.13530      21.9956
    1.1825      0.76654E-01  21.4177
    1.2000      0.41207E-01  21.1431
